0.389     1.490   523.25    
1.490     2.464   493.88    
2.464     3.692   329.63    
3.692     4.789   440.00    
4.789     5.667   392.00    
5.667     6.984   261.63    
6.984     9.608   293.66    
9.608    10.127   329.63    
10.127    12.330   349.23   
13.466    15.604   220.00   
15.604    16.143   246.94   
16.143    16.752   261.63   
16.751    17.190   293.66   
17.190    17.640   329.63   
17.640    18.318   349.23   
18.318    18.857   392.00   
18.857    19.366   440.00   
19.366    20.004   493.88   
20.004    24.524   659.26   

